0
0
0
0
0
0
0
0
0
0
0
0
0
1
0
0
0
1
0
0
0
0
0
0
0
0
0
0
0
0
0
0
0
0
0
0
0
0
0
0
0
0
0
0
0
0
0
0
0
0
0
0
0
0
0
0
0
0
0
0
0
0
0
0
0
0
0
0
0
1
0
0
0
0
0
0
1
2
4
3
6
6
6
10
9
11
16
18
21
24
26
27
34
33
34
38
40
41
44
44
45
48
49
51
54
56
57
59
62
63
68
70
74
77
82
85
90
92
94
98
102
105
107
111
113
117
121
124
127
130
134
134
138
142
144
147
148
150
153
154
156
158
160
164
164
165
169
169
171
171
174
174
177
178
179
180
182
184
186
186
188
189
190
193
195
195
197
200
200
201
205
204
206
209
211
213
215
216
220
221
226
228
228
230
232
235
236
239
241
242
245
247
249
250
254
257
258
260
261
264
266
267
268
271
273
274
275
276
279
281
283
286
288
288
290
294
294
296
298
300
300
303
303
305
305
306
307
307
307
309
312
312
312
314
314
316
317
317
318
320
321
321
323
325
327
329
330
332
331
332
332
331
332
331
331
331
332
332
331
332
331
331
331
331
331
332
334
336
340
344
348
353
357
362
367
372
378
384
388
393
399
404
409
414
420
424
429
434
438
443
446
450
454
458
462
465
468
473
476
480
484
488
492
496
500
505
510
512
517
519
524
526
529
531
535
539
541
545
548
551
556
559
564
566
571
573
576
577
577
577
577
577
577
577
577
577
577
577
577
578
579
582
586
591
595
601
607
614
621
627
634
641
648
655
662
670
676
682
689
697
702
707
713
718
721
726
730
733
735
742
742
745
746
747
747
746
746
746
746
746
747
745
747
746
747
745
746
747
746
746
748
746
746
746
747
747
748
750
749
750
753
753
755
757
759
763
765
768
770
773
774
777
778
781
782
786
790
790
794
799
803
809
813
817
821
826
829
834
840
843
847
851
854
859
862
866
872
874
879
882
889
891
893
899
901
904
908
910
914
917
919
922
925
930
929
933
935
937
935
935
936
937
935
936
938
936
938
937
935
935
936
938
939
943
947
953
955
964
968
972
977
982
986
989
996
1000
1005
1008
1010
1012
1009
1010
1012
1010
1010
1009
1012
1012
1011
1011
1009
1011
1010
1011
1012
1011
1014
1014
1016
1015
1018
1022
1021
1021
1023
1023
1022
1023
1023
1023
1023
1023
1023
1023
1022
1023
1023
1023
1023
1023
1022
1022
1023
1023
1023
1023
1022
1022
1022
1022
1021
1023
1022
1023
1023
1023
1022
1023
1022
1023
1023
1023
1023
1023
1023
1022
1022
1023
1023
1023
1021
1023
1023
1023
1023
1021
1021
1022
1023
1023
1023
1023
1023
1021
1023
1022
1023
1021
1023
